emu chrBanks: [0,1,2,3,136,9,10,11]  spTable=1 bgTable=0
emu scroll: {"regV":0,"regH":0,"regVT":0,"regHT":0,"regFV":0,"regFH":0,"cntV":0,"cntH":0,"cntVT":29,"cntHT":0}
H5 chrSlots: [0,1,2,3,8,9,10,11]
H5 spTable: undefined bgTable: undefined
H5 scroll: regV=0 regH=0 regVT=0 regHT=0 regFV=0 regFH=0
H5 imgPalette: [0,43776,27227,16777215,0,13095423,14633471,16777215,0,16755516,16773822,16777215,0,43776,43776,12122296]
H5 sprPalette: [0,0,0,13095423,0,0,6588,13095423,0,0,16777215,13095423,0,0,16777215,13095423]
emu bg RGB: [0,43776,27227,16777215,0,13095423,14633471,16777215,0,16755516,16773822,16777215,0,43776,43776,12122296]
emu spr RGB: [0,0,0,13095423,0,0,6588,13095423,0,0,16777215,13095423,0,0,16777215,13095423]
emu palette bg: [15,26,24,48,15,54,37,48,15,33,49,48,15,26,26,58]
emu palette spr: [15,15,15,54,15,15,22,54,15,15,48,54,15,15,48,54]