
=== emu f3731 NT0 ===
20: 00 00 00 00 36 00 00 00 00 00 00 00 00 00 00 00 00 00 00 00 00 00 00 00 00 00 00 00 00 00 00 00
21: 00 02 00 17 10 0b 05 0a 0b 00 14 03 0c 03 0a 03 13 0a 0b 33 13 0a 15 07 0b 13 0a 03 00 00 00 00
22: 00 00 00 00 00 00 00 00 00 00 00 00 00 00 00 00 00 00 00 00 00 00 00 00 00 00 00 00 00 00 00 00
23: 00 00 00 14 16 00 14 10 0c 17 10 00 05 0a 35 18 19 33 14 13 15 05 0a 0b 06 03 00 11 12 10 00 00
24: 00 00 00 00 00 00 00 00 00 00 00 00 00 00 00 00 00 00 00 00 00 00 00 00 00 00 00 00 00 00 00 00
25: 00 00 00 00 00 00 00 00 00 00 02 00 14 07 05 0e 10 00 18 20 20 10 00 00 00 00 00 00 00 00 00 00
26: 00 00 00 00 00 00 00 00 00 00 00 00 00 00 00 00 00 00 00 00 00 00 00 00 00 00 00 00 00 00 00 00
27: 00 00 00 00 00 00 00 00 00 00 00 00 00 00 00 00 00 00 00 00 00 00 00 00 00 00 00 00 00 00 00 00
28: 00 00 00 00 00 00 00 00 00 00 00 00 00 00 00 00 00 00 00 00 00 00 00 00 00 00 00 00 00 00 00 00
--- attr ---
20: 08 08 08 08 08 08 08 08 08 08 08 08 08 08 08 08 08 08 08 08 08 08 08 08 08 08 08 08 08 08 08 08
21: 08 08 08 08 08 08 08 08 08 08 08 08 08 08 08 08 08 08 08 08 08 08 08 08 08 08 08 08 08 08 08 08
22: 08 08 08 08 08 08 08 08 08 08 08 08 08 08 08 08 08 08 08 08 08 08 08 08 08 08 08 08 08 08 08 08
23: 08 08 08 08 08 08 08 08 08 08 08 08 08 08 08 08 08 08 08 08 08 08 08 08 08 08 08 08 08 08 08 08
24: 08 08 08 08 08 08 08 08 08 08 08 08 0c 0c 0c 0c 0c 0c 08 08 08 08 08 08 08 08 08 08 08 08 08 08
25: 08 08 08 08 08 08 08 08 08 08 08 08 0c 0c 0c 0c 0c 0c 08 08 08 08 08 08 08 08 08 08 08 08 08 08
26: 08 08 08 08 08 08 08 08 00 00 00 00 00 00 00 00 00 00 00 00 00 00 00 00 08 08 08 08 08 08 08 08
27: 08 08 08 08 08 08 08 08 00 00 00 00 00 00 00 00 00 00 00 00 00 00 00 00 08 08 08 08 08 08 08 08
28: 04 04 04 04 04 04 04 04 04 04 04 04 04 04 04 04 04 04 04 04 04 04 04 04 04 04 04 04 04 04 04 04

=== emu f3742 NT0 ===
20: 00 00 00 00 36 00 00 00 00 00 00 00 00 00 00 00 00 00 00 00 00 00 00 00 00 00 00 00 00 00 00 00
21: 00 02 00 17 10 0b 05 0a 0b 00 14 03 0c 03 0a 03 13 0a 0b 33 13 0a 15 07 0b 13 0a 03 00 00 00 00
22: 00 00 00 00 00 00 00 00 00 00 00 00 00 00 00 00 00 00 00 00 00 00 00 00 00 00 00 00 00 00 00 00
23: 00 00 00 14 16 00 14 10 0c 17 10 00 05 0a 35 18 19 33 14 13 15 05 0a 0b 06 03 00 11 12 10 00 00
24: 00 00 00 00 00 00 00 00 00 00 00 00 00 00 00 00 00 00 00 00 00 00 00 00 00 00 00 00 00 00 00 00
25: 00 00 00 00 00 00 00 00 00 00 02 00 14 07 05 0e 10 00 18 20 20 10 00 00 00 00 00 00 00 00 00 00
26: 00 00 00 00 00 00 00 00 00 00 00 00 00 00 00 00 00 00 00 00 00 00 00 00 00 00 00 00 00 00 00 00
27: 00 00 00 00 00 00 00 00 00 00 00 00 00 00 00 00 00 00 00 00 00 00 00 00 00 00 00 00 00 00 00 00
28: 00 00 00 00 00 00 00 00 00 00 00 00 00 00 00 00 00 00 00 00 00 00 00 00 00 00 00 00 00 00 00 00
--- attr ---
20: 08 08 08 08 08 08 08 08 08 08 08 08 08 08 08 08 08 08 08 08 08 08 08 08 08 08 08 08 08 08 08 08
21: 08 08 08 08 08 08 08 08 08 08 08 08 08 08 08 08 08 08 08 08 08 08 08 08 08 08 08 08 08 08 08 08
22: 08 08 08 08 08 08 08 08 08 08 08 08 08 08 08 08 08 08 08 08 08 08 08 08 08 08 08 08 08 08 08 08
23: 08 08 08 08 08 08 08 08 08 08 08 08 08 08 08 08 08 08 08 08 08 08 08 08 08 08 08 08 08 08 08 08
24: 08 08 08 08 08 08 08 08 08 08 08 08 0c 0c 0c 0c 0c 0c 08 08 08 08 08 08 08 08 08 08 08 08 08 08
25: 08 08 08 08 08 08 08 08 08 08 08 08 0c 0c 0c 0c 0c 0c 08 08 08 08 08 08 08 08 08 08 08 08 08 08
26: 08 08 08 08 08 08 08 08 00 00 00 00 00 00 00 00 00 00 00 00 00 00 00 00 08 08 08 08 08 08 08 08
27: 08 08 08 08 08 08 08 08 00 00 00 00 00 00 00 00 00 00 00 00 00 00 00 00 08 08 08 08 08 08 08 08
28: 04 04 04 04 04 04 04 04 04 04 04 04 04 04 04 04 04 04 04 04 04 04 04 04 04 04 04 04 04 04 04 04

=== emu f3780 NT0 ===
20: 00 00 00 00 36 00 00 00 00 00 00 00 00 00 00 00 00 00 00 00 00 00 00 00 00 00 00 00 00 00 00 00
21: 00 02 00 17 10 0b 05 0a 0b 00 14 03 0c 03 0a 03 13 0a 0b 33 13 0a 15 07 0b 13 0a 03 00 00 00 00
22: 00 00 00 00 00 00 00 00 00 00 00 00 00 00 00 00 00 00 00 00 00 00 00 00 00 00 00 00 00 00 00 00
23: 00 00 00 14 16 00 14 10 0c 17 10 00 05 0a 35 18 19 33 14 13 15 05 0a 0b 06 03 00 11 12 10 00 00
24: 00 00 00 00 00 00 00 00 00 00 00 00 00 00 00 00 00 00 00 00 00 00 00 00 00 00 00 00 00 00 00 00
25: 00 00 00 00 00 00 00 00 00 00 02 00 14 07 05 0e 10 00 18 20 20 10 00 00 00 00 00 00 00 00 00 00
26: 00 00 00 00 00 00 00 00 00 00 00 00 00 00 00 00 00 00 00 00 00 00 00 00 00 00 00 00 00 00 00 00
27: 00 00 00 00 00 00 00 00 00 00 00 00 00 00 00 00 00 00 00 00 00 00 00 00 00 00 00 00 00 00 00 00
28: 00 00 00 00 00 00 00 00 00 00 00 00 00 00 00 00 00 00 00 00 00 00 00 00 00 00 00 00 00 00 00 00
--- attr ---
20: 08 08 08 08 08 08 08 08 08 08 08 08 08 08 08 08 08 08 08 08 08 08 08 08 08 08 08 08 08 08 08 08
21: 08 08 08 08 08 08 08 08 08 08 08 08 08 08 08 08 08 08 08 08 08 08 08 08 08 08 08 08 08 08 08 08
22: 08 08 08 08 08 08 08 08 08 08 08 08 08 08 08 08 08 08 08 08 08 08 08 08 08 08 08 08 08 08 08 08
23: 08 08 08 08 08 08 08 08 08 08 08 08 08 08 08 08 08 08 08 08 08 08 08 08 08 08 08 08 08 08 08 08
24: 08 08 08 08 08 08 08 08 08 08 08 08 0c 0c 0c 0c 0c 0c 08 08 08 08 08 08 08 08 08 08 08 08 08 08
25: 08 08 08 08 08 08 08 08 08 08 08 08 0c 0c 0c 0c 0c 0c 08 08 08 08 08 08 08 08 08 08 08 08 08 08
26: 08 08 08 08 08 08 08 08 00 00 00 00 00 00 00 00 00 00 00 00 00 00 00 00 08 08 08 08 08 08 08 08
27: 08 08 08 08 08 08 08 08 00 00 00 00 00 00 00 00 00 00 00 00 00 00 00 00 08 08 08 08 08 08 08 08
28: 04 04 04 04 04 04 04 04 04 04 04 04 04 04 04 04 04 04 04 04 04 04 04 04 04 04 04 04 04 04 04 04

=== H5 f3731 (h5=3721) NT0 ===
20: 0 0 0 0 36 0 0 0 0 0 0 0 0 0 0 0 0 0 0 0 0 0 0 0 0 0 0 0 0 0 0 0
21: 0 2 0 17 10 0 5 0 0 0 14 3 0 3 0 3 13 0 0 33 13 0 15 7 0 13 0 3 0 0 0 0
22: 0 0 0 0 0 0 0 0 0 0 0 0 0 0 0 0 0 0 0 0 0 0 0 0 0 0 0 0 0 0 0 0
23: 0 0 0 14 16 0 14 10 0 17 10 0 5 0 35 18 19 33 14 13 15 5 0 0 6 3 0 11 12 10 0 0
24: 0 0 0 0 0 0 0 0 0 0 0 0 0 0 0 0 0 0 0 0 0 0 0 0 0 0 0 0 0 0 0 0
25: 0 0 0 0 0 0 0 0 0 0 2 0 14 7 5 0 10 0 18 20 20 10 0 0 0 0 0 0 0 0 0 0
26: 0 0 0 0 0 0 0 0 0 0 0 0 0 0 0 0 0 0 0 0 0 0 0 0 0 0 0 0 0 0 0 0
27: 0 0 0 0 0 0 0 0 0 0 0 0 0 0 0 0 0 0 0 0 0 0 0 0 0 0 0 0 0 0 0 0
28: 0 0 0 0 0 0 0 0 0 0 0 0 0 0 0 0 0 0 0 0 0 0 0 0 0 0 0 0 0 0 0 0
--- attr ---
20: 8 8 8 8 8 8 8 8 8 8 8 8 8 8 8 8 8 8 8 8 8 8 8 8 8 8 8 8 8 8 8 8
21: 8 8 8 8 8 8 8 8 8 8 8 8 8 8 8 8 8 8 8 8 8 8 8 8 8 8 8 8 8 8 8 8
22: 8 8 8 8 8 8 8 8 8 8 8 8 8 8 8 8 8 8 8 8 8 8 8 8 8 8 8 8 8 8 8 8
23: 8 8 8 8 8 8 8 8 8 8 8 8 8 8 8 8 8 8 8 8 8 8 8 8 8 8 8 8 8 8 8 8
24: 8 8 8 8 8 8 8 8 8 8 8 8 0 0 0 0 0 0 8 8 8 8 8 8 8 8 8 8 8 8 8 8
25: 8 8 8 8 8 8 8 8 8 8 8 8 0 0 0 0 0 0 8 8 8 8 8 8 8 8 8 8 8 8 8 8
26: 8 8 8 8 8 8 8 8 0 0 0 0 0 0 0 0 0 0 0 0 0 0 0 0 8 8 8 8 8 8 8 8
27: 8 8 8 8 8 8 8 8 0 0 0 0 0 0 0 0 0 0 0 0 0 0 0 0 8 8 8 8 8 8 8 8
28: 4 4 4 4 4 4 4 4 4 4 4 4 4 4 4 4 4 4 4 4 4 4 4 4 4 4 4 4 4 4 4 4

=== H5 f3742 (h5=3732) NT0 ===
20: 0 0 0 0 36 0 0 0 0 0 0 0 0 0 0 0 0 0 0 0 0 0 0 0 0 0 0 0 0 0 0 0
21: 0 2 0 17 10 0 5 0 0 0 14 3 0 3 0 3 13 0 0 33 13 0 15 7 0 13 0 3 0 0 0 0
22: 0 0 0 0 0 0 0 0 0 0 0 0 0 0 0 0 0 0 0 0 0 0 0 0 0 0 0 0 0 0 0 0
23: 0 0 0 14 16 0 14 10 0 17 10 0 5 0 35 18 19 33 14 13 15 5 0 0 6 3 0 11 12 10 0 0
24: 0 0 0 0 0 0 0 0 0 0 0 0 0 0 0 0 0 0 0 0 0 0 0 0 0 0 0 0 0 0 0 0
25: 0 0 0 0 0 0 0 0 0 0 2 0 14 7 5 0 10 0 18 20 20 10 0 0 0 0 0 0 0 0 0 0
26: 0 0 0 0 0 0 0 0 0 0 0 0 0 0 0 0 0 0 0 0 0 0 0 0 0 0 0 0 0 0 0 0
27: 0 0 0 0 0 0 0 0 0 0 0 0 0 0 0 0 0 0 0 0 0 0 0 0 0 0 0 0 0 0 0 0
28: 0 0 0 0 0 0 0 0 0 0 0 0 0 0 0 0 0 0 0 0 0 0 0 0 0 0 0 0 0 0 0 0
--- attr ---
20: 8 8 8 8 8 8 8 8 8 8 8 8 8 8 8 8 8 8 8 8 8 8 8 8 8 8 8 8 8 8 8 8
21: 8 8 8 8 8 8 8 8 8 8 8 8 8 8 8 8 8 8 8 8 8 8 8 8 8 8 8 8 8 8 8 8
22: 8 8 8 8 8 8 8 8 8 8 8 8 8 8 8 8 8 8 8 8 8 8 8 8 8 8 8 8 8 8 8 8
23: 8 8 8 8 8 8 8 8 8 8 8 8 8 8 8 8 8 8 8 8 8 8 8 8 8 8 8 8 8 8 8 8
24: 8 8 8 8 8 8 8 8 8 8 8 8 0 0 0 0 0 0 8 8 8 8 8 8 8 8 8 8 8 8 8 8
25: 8 8 8 8 8 8 8 8 8 8 8 8 0 0 0 0 0 0 8 8 8 8 8 8 8 8 8 8 8 8 8 8
26: 8 8 8 8 8 8 8 8 0 0 0 0 0 0 0 0 0 0 0 0 0 0 0 0 8 8 8 8 8 8 8 8
27: 8 8 8 8 8 8 8 8 0 0 0 0 0 0 0 0 0 0 0 0 0 0 0 0 8 8 8 8 8 8 8 8
28: 4 4 4 4 4 4 4 4 4 4 4 4 4 4 4 4 4 4 4 4 4 4 4 4 4 4 4 4 4 4 4 4

=== H5 f3780 (h5=3770) NT0 ===
20: 0 0 0 0 36 0 0 0 0 0 0 0 0 0 0 0 0 0 0 0 0 0 0 0 0 0 0 0 0 0 0 0
21: 0 2 0 17 10 0 5 0 0 0 14 3 0 3 0 3 13 0 0 33 13 0 15 7 0 13 0 3 0 0 0 0
22: 0 0 0 0 0 0 0 0 0 0 0 0 0 0 0 0 0 0 0 0 0 0 0 0 0 0 0 0 0 0 0 0
23: 0 0 0 14 16 0 14 10 0 17 10 0 5 0 35 18 19 33 14 13 15 5 0 0 6 3 0 11 12 10 0 0
24: 0 0 0 0 0 0 0 0 0 0 0 0 0 0 0 0 0 0 0 0 0 0 0 0 0 0 0 0 0 0 0 0
25: 0 0 0 0 0 0 0 0 0 0 2 0 14 7 5 0 10 0 18 20 20 10 0 0 0 0 0 0 0 0 0 0
26: 0 0 0 0 0 0 0 0 0 0 0 0 0 0 0 0 0 0 0 0 0 0 0 0 0 0 0 0 0 0 0 0
27: 0 0 0 0 0 0 0 0 0 0 0 0 0 0 0 0 0 0 0 0 0 0 0 0 0 0 0 0 0 0 0 0
28: 0 0 0 0 0 0 0 0 0 0 0 0 0 0 0 0 0 0 0 0 0 0 0 0 0 0 0 0 0 0 0 0
--- attr ---
20: 8 8 8 8 8 8 8 8 8 8 8 8 8 8 8 8 8 8 8 8 8 8 8 8 8 8 8 8 8 8 8 8
21: 8 8 8 8 8 8 8 8 8 8 8 8 8 8 8 8 8 8 8 8 8 8 8 8 8 8 8 8 8 8 8 8
22: 8 8 8 8 8 8 8 8 8 8 8 8 8 8 8 8 8 8 8 8 8 8 8 8 8 8 8 8 8 8 8 8
23: 8 8 8 8 8 8 8 8 8 8 8 8 8 8 8 8 8 8 8 8 8 8 8 8 8 8 8 8 8 8 8 8
24: 8 8 8 8 8 8 8 8 8 8 8 8 0 0 0 0 0 0 8 8 8 8 8 8 8 8 8 8 8 8 8 8
25: 8 8 8 8 8 8 8 8 8 8 8 8 0 0 0 0 0 0 8 8 8 8 8 8 8 8 8 8 8 8 8 8
26: 8 8 8 8 8 8 8 8 0 0 0 0 0 0 0 0 0 0 0 0 0 0 0 0 8 8 8 8 8 8 8 8
27: 8 8 8 8 8 8 8 8 0 0 0 0 0 0 0 0 0 0 0 0 0 0 0 0 8 8 8 8 8 8 8 8
28: 4 4 4 4 4 4 4 4 4 4 4 4 4 4 4 4 4 4 4 4 4 4 4 4 4 4 4 4 4 4 4 4