H5 vrom[60][1]:
  11111111|11111111|11111111|11111111|11111111|11111111|11111111|11111111
H5 vrom[0][1]:
  00030000|03333330|00030000|00033330|00330033|03030303|03003003|00330030
H5 vrom[0][20]:
  00030000|00030000|00030330|00033000|00300000|03000000|03000000|00333333
CHR_BANKS bank7(56-63) 1KB chunk4 tile1 (=bank1k60 tile1):
  11111111|11111111|11111111|11111111|11111111|11111111|11111111|11111111  raw p0=[255,255,255,255,255,255,255,255] p1=[0,0,0,0,0,0,0,0]
CHR_BANKS bank0 1KB chunk0 tile1 (=bank1k0 tile1):
  00030000|03333330|00030000|00033330|00330033|03030303|03003003|00330030  raw p0=[16,126,16,30,51,85,73,50] p1=[16,126,16,30,51,85,73,50]
CHR_BANKS bank0 1KB chunk2 tile20 (=bank1k2 tile20):
  00000000|00000000|00000000|00000000|00000030|00003003|00000300|00000000  raw p0=[0,0,0,0,2,9,4,0] p1=[0,0,0,0,2,9,4,0]
ROM bank1k60 tile1:
  11111111|11111111|11111111|11111111|11111111|11111111|11111111|11111111  raw p0=[255,255,255,255,255,255,255,255] p1=[0,0,0,0,0,0,0,0]
ROM bank1k0 tile1:
  00030000|03333330|00030000|00033330|00330033|03030303|03003003|00330030  raw p0=[16,126,16,30,51,85,73,50] p1=[16,126,16,30,51,85,73,50]
ROM bank1k2 tile20:
  00000000|00000000|00000000|00000000|00000030|00003003|00000300|00000000  raw p0=[0,0,0,0,2,9,4,0] p1=[0,0,0,0,2,9,4,0]