=== H5 CHR tile 0x94/0x95 像素 (ppu.ptTile / vram) ===
ppu keys: STATUS_VRAMWRITE, clipToTvSize, vramMem, vramAddress, vramTmpAddress, vramBufferedReadValue, validTileData, f_bgPatternTable, f_spPatternTable, f_dispType, scantile, sprTile, ptTile, vramMirrorTable, loadChrBank
H5 ptTile[94]: 0,0,0,0,0,0,0,0,0,0,0,0,0,0,0,0,0,0,0,0,0,0,0,0,0,0,0,0,0,0,0,0,0,0,0,0,0,0,3,0,0,0,0,0,3,0,0,3,0,0,0,0,0,3,0,0,0,0,0,0,0,0,0,0
H5 ptTile[95]: 0,0,0,0,0,0,0,0,0,0,0,0,0,0,0,0,0,0,0,0,0,0,0,0,0,0,0,0,0,0,0,0,0,0,0,0,0,3,3,3,0,0,0,0,0,3,0,3,0,0,0,0,0,3,3,3,0,0,0,0,0,0,0,0
H5 ptTile[93]: 0,0,0,0,0,0,0,0,0,3,3,0,0,0,3,3,0,3,3,0,0,0,3,3,0,3,3,0,0,0,3,3,0,0,3,3,0,3,3,0,0,0,0,3,3,3,0,0,0,0,0,3,3,3,0,0,0,0,0,3,3,3,0,0
H5 ptTile[96]: 0,0,0,0,0,0,0,3,0,0,0,0,0,0,3,0,0,0,0,0,3,3,0,0,0,0,0,3,0,0,3,0,0,0,0,0,0,0,3,0,0,0,3,0,0,3,0,0,0,3,0,3,0,0,0,0,0,0,3,0,0,0,0,0

=== emu pt.json tile 0x94/0x95 ===
emu pt[94]: {"idx":148,"plane0":[0,0,0,0,2,9,4,0],"plane1":[0,0,0,0,2,9,4,0]}
emu pt[95]: {"idx":149,"plane0":[0,0,0,0,7,5,7,0],"plane1":[0,0,0,0,7,5,7,0]}
emu pt[93]: {"idx":147,"plane0":[0,99,99,99,54,28,28,28],"plane1":[0,99,99,99,54,28,28,28]}
emu pt[96]: {"idx":150,"plane0":[1,2,12,18,2,36,80,32],"plane1":[1,2,12,18,2,36,80,32]}