NT0
r4 0 0 0 0 0 0 0 0 0 0 0 0 0 0 0 0 0 0 0 0 0 0 0 0 0 0 0 0 0 0 0 0
r5 0 0 0 0 0 0 80 81 84 85 90 0 94 84 0 0 0 84 0 0 0 0 0 0 0 0 0 0 0 0 0 0
r6 0 0 0 0 0 0 82 83 83 87 92 93 96 97 0 0 0 0 0 0 0 0 0 0 0 0 0 0 0 0 0 0
r7 0 0 0 0 0 86 88 83 0 0 98 99 0 0 0 0 83 83 0 0 0 0 0 0 0 0 0 0 0 0 0 0
r8 0 0 0 0 0 89 0 83 0 0 83 83 0 0 0 0 0 0 0 0 0 83 91 0 0 95 0 0 0 0 0 0
r9 0 0 0 0 0 82 83 83 0 0 0 0 0 0 0 0 0 0 0 0 0 0 0 0 0 0 0 0 0 0 0 0
r10 0 0 0 0 0 0 0 0 0 0 0 0 83 0 0 83 0 0 83 0 0 83 0 83 0 0 0 0 0 0 0 0
r11 0 0 0 0 0 0 0 0 0 0 0 0 0 0 0 0 0 0 0 0 0 0 0 0 0 0 0 0 0 0 0 0
r12 0 0 0 0 0 0 0 0 0 0 0 0 0 0 0 0 34 0 0 0 0 0 0 0 0 0 0 0 0 0 0 0
r13 0 0 0 0 0 0 0 0 16 10 0 30 31 0 23 27 25 27 23 24 26 21 22 27 0 0 0 0 0 0 0 0
r16 0 0 0 0 0 0 0 0 0 0 0 0 0 0 5 0 0 10 8 8 0 0 0 0 0 0 0 0 0 0 0 0
r18 0 0 0 0 0 0 0 0 0 0 0 0 5 10 0 14 0 0 15 7 0 0 0 0 0 0 0 0 0 0 0 0
r20 0 0 0 0 36 0 0 0 0 0 0 0 0 0 0 0 0 0 0 0 0 0 0 0 0 0 0 0 0 0 0 0
r21 0 2 0 17 10 0 5 0 0 0 14 3 0 3 0 3 13 0 0 33 13 0 15 7 0 13 0 3 0 0 0 0
r23 0 0 0 14 16 0 14 10 0 17 10 0 5 0 35 18 19 33 14 13 15 5 0 0 6 3 0 11 12 10 0 0
r25 0 0 0 0 0 0 0 0 0 0 2 0 14 7 5 0 10 0 18 20 20 10 0 0 0 0 0 0 0 0 0 0
NT1
NT2
NT3