=== A2E8-A490 $A2E8-$A490 ===
$A2F7  00 00 00 00 00 00 00 00 00 00 00 00 00 00 00 00 
$A307  00 00 00 00 00 00 00 00 00 00 00 00 00 00 00 00 
$A317  00 00 00 00 00 00 00 00 00 00 00 00 00 00 00 00 
$A327  00 00 00 00 00 00 00 00 00 00 00 00 00 00 00 00 
$A337  00 00 00 00 00 00 00 00 00 00 00 00 00 00 00 00 
$A347  00 00 00 00 00 00 00 00 00 00 00 00 00 00 00 00 
$A357  00 00 00 00 00 00 00 00 00 00 00 00 00 00 00 00 
$A367  00 00 00 00 00 00 00 00 00 00 00 00 00 00 00 00 
$A377  00 00 00 00 00 00 00 00 00 00 00 00 00 00 00 00 
$A387  00 00 00 00 00 00 00 00 00 00 00 00 00 00 00 00 
$A397  00 00 00 00 00 00 00 00 00 00 00 00 00 00 00 00 
$A3A7  00 00 00 00 00 00 00 00 00 00 00 00 00 00 00 00 
$A3B7  00 00 00 00 00 00 00 00 00 00 00 00 00 00 00 00 
$A3C7  00 00 00 00 00 00 00 00 00 00 00 00 00 00 00 00 
$A3D7  00 00 00 00 00 00 00 00 00 00 00 00 00 00 00 00 
$A3E7  00 00 00 00 00 00 00 00 00 00 00 00 00 00 00 00 
$A3F7  00 00 00 00 00 00 00 00 00 00 00 00 00 00 00 00 
$A407  00 00 00 00 00 00 00 00 00 00 00 00 00 00 00 00 
$A417  00 00 00 00 00 00 00 00 00 00 00 00 00 00 00 00 
$A427  00 00 00 00 00 00 00 00 00 00 00 00 00 00 00 00 
$A437  00 00 00 00 00 00 00 00 00 00 00 00 00 00 00 00 
$A447  00 00 00 00 00 00 00 00 00 00 00 00 00 00 00 00 
$A457  00 00 00 00 00 00 00 00 00 00 00 00 00 00 00 00 
$A467  00 00 00 00 00 00 00 00 00 00 00 00 00 00 00 00 
$A477  00 00 00 00 00 00 00 00 00 00 00 00 00 00 00 00 
$A487  00 00 00 00 00 00 00 00 00 00 00 00 00 00 00 00 
$A490  00 00 00 00 00 00 00 00 00 
=== A773 data $A773-$A77A ===
$A77A  00 00 00 00 00 00 00 00 
