=== frame 5: ram_0628=4 ram_0629=2 ram_00ED=0 ram_004C=0 $05E8 buffer nz=4 nt0=1 nt1=0
$5E8: 02 4a 22 8d 00 00 00 00 00 00 00 00 00 00 00 00
$5F8: 00 00 00 00 00 00 00 00 00 00 00 00 00 00 00 00
$608: 00 00 00 00 00 00 00 00 00 00 00 00 00 00 00 00
$618: 00 00 00 00 00 00 00 00 00 00 00 00 00 00 00 00
=== frame 10: ram_0628=0 ram_0629=2 ram_00ED=0 ram_004C=0 $05E8 buffer nz=4 nt0=2 nt1=0
$5E8: 02 4a 22 8d 00 00 00 00 00 00 00 00 00 00 00 00
$5F8: 00 00 00 00 00 00 00 00 00 00 00 00 00 00 00 00
$608: 00 00 00 00 00 00 00 00 00 00 00 00 00 00 00 00
$618: 00 00 00 00 00 00 00 00 00 00 00 00 00 00 00 00
=== frame 20: ram_0628=0 ram_0629=2 ram_00ED=0 ram_004C=80 $05E8 buffer nz=3 nt0=4 nt1=0
$5E8: 02 4e 22 00 00 00 00 00 00 00 00 00 00 00 00 00
$5F8: 00 00 00 00 00 00 00 00 00 00 00 00 00 00 00 00
$608: 00 00 00 00 00 00 00 00 00 00 00 00 00 00 00 00
$618: 00 00 00 00 00 00 00 00 00 00 00 00 00 00 00 00
=== frame 30: ram_0628=4 ram_0629=2 ram_00ED=0 ram_004C=80 $05E8 buffer nz=4 nt0=11 nt1=0
$5E8: 02 56 22 67 00 00 00 00 00 00 00 00 00 00 00 00
$5F8: 00 00 00 00 00 00 00 00 00 00 00 00 00 00 00 00
$608: 00 00 00 00 00 00 00 00 00 00 00 00 00 00 00 00
$618: 00 00 00 00 00 00 00 00 00 00 00 00 00 00 00 00
=== frame 60: ram_0628=4 ram_0629=2 ram_00ED=0 ram_004C=80 $05E8 buffer nz=3 nt0=37 nt1=0
$5E8: 02 72 22 00 00 00 00 00 00 00 00 00 00 00 00 00
$5F8: 00 00 00 00 00 00 00 00 00 00 00 00 00 00 00 00
$608: 00 00 00 00 00 00 00 00 00 00 00 00 00 00 00 00
$618: 00 00 00 00 00 00 00 00 00 00 00 00 00 00 00 00
=== frame 90: ram_0628=0 ram_0629=2 ram_00ED=0 ram_004C=80 $05E8 buffer nz=4 nt0=59 nt1=0
$5E8: 02 88 23 79 00 00 00 00 00 00 00 00 00 00 00 00
$5F8: 00 00 00 00 00 00 00 00 00 00 00 00 00 00 00 00
$608: 00 00 00 00 00 00 00 00 00 00 00 00 00 00 00 00
$618: 00 00 00 00 00 00 00 00 00 00 00 00 00 00 00 00
=== coroutines ===
slot 0: active
slot 1: active
slot 2: active
slot 3: active
slot 4: active
=== ram_062A palette anim region ===
$62A: 00 00 00 00 00 00 00 00 00 00 00 00 00 00 00 00
$63A: 00 00 00 00 00 00 00 00 00 00 00 00 00 00 00 00
$64A: 00 00 00 00 00 00 00 00 00 00 00 00 00 00 00 00
$65A: 00 00 00 00 00 00 00 00 00 00 00 00 00 00 00 00
=== store paletteTable ===
bg[0].colors: 000000 000000 000000 000000
spr[0].colors: 000000 000000 000000 000000
=== NMI_CALLBACK_TABLE ===
idx 0: target=42176
idx 1: target=42329
idx 2: target=42363
idx 3: target=42369
idx 4: target=42402
idx 5: target=42408
idx 6: target=42416
idx 7: target=42424
