lap_comp types: {'.NSCR': 1, '_LZ.bin': 100, '_pc.NCLR': 100}
lap_comp NCLR nums count: 100
lap_comp NCLR nums: [1, 2, 3, 4, 5, 6, 7, 8, 9, 10, 11, 12, 13, 14, 51, 52, 53, 54, 55, 56, 57, 58, 59, 60, 61, 62, 63, 64, 65, 66, 67, 68, 69, 70, 71, 72, 73, 74, 75, 76, 77, 78, 79, 80, 81, 82, 166, 167, 168, 169, 170, 171, 172, 173, 174, 175, 176, 177, 178, 179, 180, 181, 182, 183, 184, 185, 186, 187, 296, 297, 298, 299, 300, 301, 302, 303, 304, 305, 306, 307, 308, 309, 310, 311, 312, 356, 357, 358, 359, 360, 361, 362, 363, 364, 365, 366, 367, 368, 369, 370]

lap file size: 426
lap header[0:26]: 14 14 ff ff ff 00 00 00 00 00 00 00 00 00 00 00 00 00 00 00 00 00 00 00 00 00
lap data[26:60]: 00 00 01 01 29 21 21 61 01 01 41 01 01 01 01 01 19 01 19 00 00 00 01 29 00 01 01 01 01 01 01 01 59 01

fap file size: 144
fap header[0:16]: 0f 0f 0f ff ff ff ff ff ff ff f3 f3 f3 ff 8f 5f

fap_comp/f001_pc.NCLR size: 72
nclr offset0x28 colors: 
f001 colors BGR555: [(31, 0, 31), (0, 0, 0), (0, 6, 12), (19, 0, 7), (11, 7, 2), (10, 8, 8), (0, 14, 20), (20, 12, 1), (0, 23, 30), (24, 19, 13), (31, 24, 17), (0, 0, 0), (0, 0, 0), (0, 0, 0), (0, 0, 0), (0, 0, 0)]

lap_comp/l001_pc.NCLR size: 72
l001 colors BGR555: [(31, 0, 31), (0, 17, 0), (31, 30, 26), (0, 15, 31), (23, 21, 16), (31, 31, 31), (0, 0, 0), (0, 0, 0), (0, 0, 0), (0, 0, 0), (0, 0, 0), (0, 0, 0), (0, 0, 0), (0, 0, 0), (0, 0, 0), (0, 0, 0)]
l370_pc.NCLR size: 72
l370 colors BGR555: [(0, 31, 0), (0, 0, 0), (0, 1, 18), (14, 5, 4), (7, 10, 13), (30, 3, 0), (0, 10, 30), (27, 20, 0), (14, 26, 27), (31, 29, 26), (31, 31, 31), (0, 0, 0), (0, 0, 0), (0, 0, 0), (0, 0, 0), (0, 0, 0)]
